-obj 1 .1 0 0 0 .75 .75 3 0 1 0 45
-mat 0 .25 .5 0 .5 .8 10 .8 0
-obj 1 1 0 0 0 1.5 1.5 1.5 0 1 0 0
-mat .01 .01 .01 .4 .4 .4 100 .7 .8

-obj .1 .1 3 1 -3 1 1 4 0 1 0 45
-mat 0 .1 .3 0 .3 .7 100 .8 .1
-obj .01 .01 3 3 -3 1 1 4 0 1 0 45
-mat .3 0 .1 .7 0 .3 100 .8 .01

-obj .1 .1 -7 -6 -7 12 11 1 0 1 0 45
-mat .01 .01 .01 .1 .1 .1 100 .8 0
-obj .1 .1 7 -6 -7 12 11 1 0 1 0 315
-mat .01 .01 .01 .1 .1 .1 100 .8 0

-obj .01 .01 0 5 0 10 1 10 0 0 1 0
-mat .2 .2 .2 .4 .4 .4 1 .8 0

-l -5 -5 5 1 1 1 .001
-l 0 -10 0 .5 .5 .5 .001

-eye 0 -1 13
-f .05 .05
-res 400 400
-anti
