-obj 1 1  2  2  2 1 1 1 0 0 1 0
-obj 1 1  2  2 -2 1 1 1 0 0 1 0
-obj 1 1 -2  2 -2 1 1 1 0 0 1 0
-obj 1 1 -2  2  2 1 1 1 0 0 1 0
-obj 1 1  2 -2  2 1 1 1 0 0 1 0
-obj 1 1  2 -2 -2 1 1 1 0 0 1 0
-obj 1 1 -2 -2 -2 1 1 1 0 0 1 0
-obj 1 1 -2 -2  2 1 1 1 0 0 1 0
-obj .1 .1 0 4 0 10 1 10 0 0 1 0
-mat .5 .5 .5 .8 .8 .8 100 .8 0
-mat .5 .5  0 .8 .8  0 100 .8 0
-mat  0 .5  0  0 .8  0 100 .8 0
-mat  0 .5 .5  0 .8 .8 100 .8 0
-mat .5  0 .5 .8  0 .8 100 .8 0
-mat .5  0  0 .8  0  0 100 .8 0
-mat .1 .1 .1 .1 .1 .1 100 .8 0
-mat  0  0 .5  0  0 .8 100 .8 0
-eye 0 0 6
-f .05 .05
-res 300 300
-l 0 0 0 1 1 1 0.01
-l 0 0 -6 1 1 1 0.01
