# .01 row (bottom) (-6.6)
-obj .01 .01 -6.6 -6.6 0 1 1 1 0 0 1 0
-mat .01 .01 .01 .3 .3 .3 100 .7 .9 1
-obj .01 .1  -4.4 -6.6 0 1 1 1 0 0 1 0
-mat .01 .01 .01 .3 .3 .3 100 .7 .9 1
-obj .01 .5  -2.2 -6.6 0 1 1 1 0 0 1 0
-mat .01 .01 .01 .3 .3 .3 100 .7 .9 1
-obj .01  1 0 -6.6 0 1 1 1 0 0 1 0
-mat .01 .01 .01 .3 .3 .3 100 .7 .9 1
-obj .01  1.5 2.2 -6.6 0 1 1 1 0 0 1 0
-mat .01 .01 .01 .3 .3 .3 100 .7 .9 1
-obj .01  2   4.4 -6.6 0 1 1 1 0 0 1 0
-mat .01 .01 .01 .3 .3 .3 100 .7 .9 1


# .1 row (-4.4)
-obj .1 .01 -6.6 -4.4 0 1 1 1 0 0 1 0
-mat .01 .01 .01 .3 .3 .3 100 .7 .9 1
-obj .1 .1  -4.4 -4.4 0 1 1 1 0 0 1 0
-mat .01 .01 .01 .3 .3 .3 100 .7 .9 1
-obj .1 .5  -2.2 -4.4 0 1 1 1 0 0 1 0
-mat .01 .01 .01 .3 .3 .3 100 .7 .9 1
-obj .1  1 0 -4.4 0 1 1 1 0 0 1 0
-mat .01 .01 .01 .3 .3 .3 100 .7 .9 1
-obj .1  1.5 2.2 -4.4 0 1 1 1 0 0 1 0
-mat .01 .01 .01 .3 .3 .3 100 .7 .9 1
-obj .1  2   4.4 -4.4 0 1 1 1 0 0 1 0
-mat .01 .01 .01 .3 .3 .3 100 .7 .9 1


# .5 row (-2.2)
-obj .5 .01 -6.6 -2.2 0 1 1 1 0 0 1 0
-mat .01 .01 .01 .3 .3 .3 100 .7 .9 1
-obj .5 .1  -4.4 -2.2 0 1 1 1 0 0 1 0
-mat .01 .01 .01 .3 .3 .3 100 .7 .9 1
-obj .5 .5  -2.2 -2.2 0 1 1 1 0 0 1 0
-mat .01 .01 .01 .3 .3 .3 100 .7 .9 1
-obj .5  1 0 -2.2 0 1 1 1 0 0 1 0
-mat .01 .01 .01 .3 .3 .3 100 .7 .9 1
-obj .5  1.5 2.2 -2.2 0 1 1 1 0 0 1 0
-mat .01 .01 .01 .3 .3 .3 100 .7 .9 1
-obj .5  2   4.4 -2.2 0 1 1 1 0 0 1 0
-mat .01 .01 .01 .3 .3 .3 100 .7 .9 1


# 1 row (0)
-obj 1 .01 -6.6 0 0 1 1 1 0 0 1 0
-mat .01 .01 .01 .3 .3 .3 100 .7 .9 1
-obj 1 .1 -4.4 0 0 1 1 1 0 0 1 0
-mat .01 .01 .01 .3 .3 .3 100 .7 .9 1
-obj 1 .5 -2.2 0 0 1 1 1 0 0 1 0
-mat .01 .01 .01 .3 .3 .3 100 .7 .9 1
-obj 1  1 0 0 0 1 1 1 0 0 1 0
-mat .01 .01 .01 .3 .3 .3 100 .7 .9 1
-obj 1  1.5 2.2 0 0 1 1 1 0 0 1 0
-mat .01 .01 .01 .3 .3 .3 100 .7 .9 1
-obj 1  2 4.4 0 0 1 1 1 0 0 1 0
-mat .01 .01 .01 .3 .3 .3 100 .7 .9 1

# 1.5 row (2.2)
-obj 1.5 .01 -6.6 2.2 0 1 1 1 0 0 1 0
-mat .01 .01 .01 .3 .3 .3 100 .7 .9 1
-obj 1.5 .1  -4.4 2.2 0 1 1 1 0 0 1 0
-mat .01 .01 .01 .3 .3 .3 100 .7 .9 1
-obj 1.5 .5  -2.2 2.2 0 1 1 1 0 0 1 0
-mat .01 .01 .01 .3 .3 .3 100 .7 .9 1
-obj 1.5  1 0 2.2 0 1 1 1 0 0 1 0
-mat .01 .01 .01 .3 .3 .3 100 .7 .9 1
-obj 1.5  1.5 2.2 2.2 0 1 1 1 0 0 1 0
-mat .01 .01 .01 .3 .3 .3 100 .7 .9 1
-obj 1.5  2   4.4 2.2 0 1 1 1 0 0 1 0
-mat .01 .01 .01 .3 .3 .3 100 .7 .9 1


# 2 row (4.4)
-obj 2 .01 -6.6 4.4 0 1 1 1 0 0 1 0
-mat .01 .01 .01 .3 .3 .3 100 .7 .9 1
-obj 2 .1  -4.4 4.4 0 1 1 1 0 0 1 0
-mat .01 .01 .01 .3 .3 .3 100 .7 .9 1
-obj 2 .5  -2.2 4.4 0 1 1 1 0 0 1 0
-mat .01 .01 .01 .3 .3 .3 100 .7 .9 1
-obj 2  1 0 4.4 0 1 1 1 0 0 1 0
-mat .01 .01 .01 .3 .3 .3 100 .7 .9 1
-obj 2  1.5 2.2 4.4 0 1 1 1 0 0 1 0
-mat .01 .01 .01 .3 .3 .3 100 .7 .9 1
-obj 2  2   4.4 4.4 0 1 1 1 0 0 1 0
-mat .01 .01 .01 .3 .3 .3 100 .7 .9 1

-eye -1.1 0 25
-f .04 .05
-res 300 300
-l 0 -2 5 1 1 1 0.001
-le 1 1 1 0.0001
anti
