-obj .1 .1 -6.6 0 0 1 1 1 0 0 1 0
-mat .01 .01 .01 .3 .3 .3 100 .7 .9 1
-obj .1  1 -4.4 0 0 1 1 1 0 0 1 0
-mat .01 .01 .01 .3 .3 .3 100 .7 .9 1
-obj  1 .1 -2.2 0 0 1 1 1 0 0 1 0
-mat .01 .01 .01 .3 .3 .3 100 .7 .9 1
-obj  1  1 0 0 0 1 1 1 0 0 1 0
-mat .01 .01 .01 .3 .3 .3 100 .7 .9 1
-obj  2  1 2.2 0 0 1 1 1 0 0 1 0
-mat .01 .01 .01 .3 .3 .3 100 .7 .9 1
-obj  1  2 4.4 0 0 1 1 1 0 0 1 0
-mat .01 .01 .01 .3 .3 .3 100 .7 .9 1
-obj  2  2 6.6 0 0 1 1 1 0 0 1 0
-mat .01 .01 .01 .3 .3 .3 100 .7 .9 1

-obj .1 .1 0 2 0 100 1 100 0 0 1 0

-eye 0 -1 15
-f .045 .05
-res 800 400
-l 0 -2 5 1 1 1 0.01
-le 1 1 1 0.001
-anti
