-obj .1 .1 -6.6 0 0 1 1 1 0 0 1 0
-mat .01 .01 .01 .3 .3 .3 100 .7 .9 1
-obj .1  1 -4.4 0 0 1 1 1 0 0 1 0
-mat .01 .01 .01 .3 .3 .3 100 .7 .9 1
-obj  1 .1 -2.2 0 0 1 1 1 0 0 1 0
-mat .01 .01 .01 .3 .3 .3 100 .7 .9 1
-obj  1  1 0 0 0 1 1 1 0 0 1 0
-mat .01 .01 .01 .3 .3 .3 100 .7 .9 1
-obj  2  1 2.2 0 0 1 1 1 0 0 1 0
-mat .01 .01 .01 .3 .3 .3 100 .7 .9 1
-obj  1  2 4.4 0 0 1 1 1 0 0 1 0
-mat .01 .01 .01 .3 .3 .3 100 .7 .9 1
-obj  2  2 6.6 0 0 1 1 1 0 0 1 0
-mat .01 .01 .01 .3 .3 .3 100 .7 .9 1

-obj 1 1 -6.6 0 -3.3 1 1 1 0 0 1 0
-mat .2 0 0 .5 0 0 1000 .8 0 1
-obj 1 1 -4.4 0 -3.3 1 1 1 0 0 1 0
-mat 0 .2 0 0 .5 0 1000 .8 0 1
-obj 1 1 -2.2 0 -3.3 1 1 1 0 0 1 0
-mat 0 0 .2 0 0 .5 1000 .8 0 1
-obj 1 1 0 0 -3.3 1 1 1 0 0 1 0
-mat .2 .2 .2 .5 .5 .5 1000 .8 0 1
-obj 1 1 2.2 0 -3.3 1 1 1 0 0 1 0
-mat 0 0 .2 0 0 .5 1000 .8 0 1
-obj 1 1 4.4 0 -3.3 1 1 1 0 0 1 0
-mat 0 .2 0 0 .5 0 1000 .8 0 1
-obj 1 1 6.6 0 -3.3 1 1 1 0 0 1 0
-mat .2 0 0 .5 0 0 1000 .8 0 1

-obj .1 .1 0 2 0 100 1 100 0 0 1 0
-eye 0 -1 15
-f .04 .05
-res 1920 1080
-l 0 -2 5 1 1 1 0.01
-le 1 1 1 0.001
-anti
